SCMBranch=WEBS_DEV
SCMRepository=NCB-Apps/WEBS/NCB-NOMINEES/VBSIS Upgrade 6.0/Source Code/Class
SCMMainlineUUID={ad703554-badb-4b6b-bd62-922c8ec178fd}
SCMBranchRepositoryID=64507
cADOAccess.cls;471016298;1;1411588901;|246537|259990
Clstwarn.cls;1701093906;1;1411588901;|246521|259974
CPageSetupDlg.cls;2781802289;1;1411588901;|246520|259973
cUnPackName.cls;870950391;1;1411588901;|246538|259991
MD5Hash.cls;3025840618;1;1411588901;|246522|259975
MSSCCPRJ.SCC;2868973831;1;1411588901;|246523|259976
SDIActiveX.DEP;1224521625;1;1411588901;|246524|259977
SDIActiveX.dll;3414050479;1;1411588901;|246526|259979
SDIActiveX.exp;1876053306;1;1411588901;|246527|259980
SDIActiveX.lib;1789064190;1;1411588901;|246528|259981
SDIActiveX.PDM;3355243738;1;1411588901;|246525|259978
SDIActiveX.vbp;726560407;1;1411588901;|246529|259982
SDIActiveX.vbw;1238747799;1;1411588901;|246530|259983
SISRept.dll;996395345;1;1411588902;|246531|259984
SISRept.exp;1595683213;1;1411588902;|246532|259985
SISRept.lib;294056570;1;1411588902;|246533|259986
SISRept.vbp;78526770;1;1411588902;|246534|259987
SISRept.vbw;3047108431;1;1411588902;|246535|259988
SISRepts.cls;34040681;1;1411588902;|246536|259989
vbSendMail.dll;805425573;1;1411588902;|246539|259992
