SCMBranch=WEBS_DEV
SCMRepository=NCB-Apps/WEBS/NCB-NOMINEES/VBSIS Upgrade 6.0/Source Code/ShareAdmin
SCMMainlineUUID={ad703554-badb-4b6b-bd62-922c8ec178fd}
SCMBranchRepositoryID=64509
AGMREP.ttx;1973905208;1;1411588902;|246542|259995
annret.ttx;3611199329;1;1411588902;|247030|260483
audittrail.ttx;1079691162;1;1411588902;|247031|260484
bankmndte.txt;2394359086;1;1411588902;|247032|260485
BankRec.ttx;1100263415;1;1411588915;|246544|259997
BankStatement.ttx;1954709428;1;1411588915;|246545|259998
BanRecMinor.ttx;314011248;1;1411588915;|246543|259996
BnkList.ttx;4252287592;1;1411588915;|246546|259999
bnkref.ttx;43635050;1;1411588915;|247033|260486
bs00512.wmf;4212969035;1;1411588915;|247034|260487
bs00692.wmf;1535794445;1;1411588915;|247035|260488
Certmas.ttx;3865696755;1;1411588915;|246567|260020
Chq1.jpg;167163880;1;1411588915;|246568|260021
Chq2.jpg;10397787;1;1411588915;|246569|260022
ChqInv.ttx;2128885594;1;1411588915;|246570|260023
Chqmas.ttx;2761951941;1;1411588915;|246572|260025
ChqMovements.ttx;2284835794;1;1411588915;|246571|260024
Copy of SIS.vbp;3005116336;1;1411588915;|246573|260026
cr041.ttx;3716752928;1;1411588915;|247036|260489
cr056.ttx;2006873286;1;1411588915;|247037|260490
crAIC018.DCA;773069400;1;1411588915;|247038|260491
crAIC018.Dsr;1592363528;1;1411588915;|247039|260492
crAIC018.dsx;2421505687;1;1411588915;|247040|260493
CRBankLetter.DCA;4116384142;1;1411588916;|246547|260000
CRBankLetter.Dsr;3484931139;1;1411588916;|246548|260001
CRBankLetter.dsx;542738002;1;1411588916;|246549|260002
CRBnkList.DCA;1417779450;1;1411588916;|246550|260003
CRBnkList.Dsr;301897833;1;1411588916;|246551|260004
CRBnkList.dsx;879199849;1;1411588916;|246552|260005
crCAR056.DCA;397411149;1;1411588916;|247041|260494
crCAR056.Dsr;2809297536;1;1411588916;|247042|260495
crCAR056.dsx;320746329;1;1411588916;|247043|260496
crCAR056G.DCA;2886052564;1;1411588916;|247044|260497
crCAR056G.Dsr;3117757202;1;1411588916;|247045|260498
crCAR056G.dsx;3863291379;1;1411588916;|247046|260499
CrChqInventory.DCA;1891789358;1;1411588930;|246574|260027
CrChqInventory.Dsr;2527242643;1;1411588930;|246575|260028
CrChqInventory.dsx;887420517;1;1411588930;|246576|260029
CrChqMovement.DCA;3735105835;1;1411588930;|246577|260030
CrChqMovement.Dsr;1542752281;1;1411588930;|246578|260031
CrChqMovement.dsx;941065103;1;1411588930;|246579|260032
crCTS018.DCA;2178586719;1;1411588930;|247047|260500
crCTS018.Dsr;2941830547;1;1411588930;|247048|260501
crCTS018.dsx;2030505125;1;1411588930;|247049|260502
crCTS056.DCA;36665338;1;1411588930;|247050|260503
crCTS056.Dsr;2790304613;1;1411588930;|247051|260504
crCTS056.dsx;2791483862;1;1411588931;|247052|260505
crcts056G.DCA;645641746;1;1411588931;|247232|260685
crcts056G.dsr;818229104;1;1411588931;|247233|260686
crcts056G.dsx;2771957693;1;1411588931;|247234|260687
crDG018.DCA;3253952691;1;1411588931;|247053|260506
crDG018.Dsr;350273492;1;1411588931;|247054|260507
crDG018.dsx;3000525229;1;1411588931;|247055|260508
crDG056.DCA;1443796080;1;1411588931;|247056|260509
crDG056.Dsr;1509124668;1;1411588931;|247057|260510
crDG056.dsx;556862915;1;1411588931;|247058|260511
crDG056G.DCA;1134884455;1;1411588931;|247059|260512
crDG056G.Dsr;1587268649;1;1411588931;|247060|260513
crDG056G.dsx;3685638709;1;1411588931;|247061|260514
CRDivHist.DCA;4118363182;1;1411588931;|246553|260006
CRDivHist.Dsr;295306384;1;1411588931;|246554|260007
CRDivHist.dsx;1972062748;1;1411588931;|246555|260008
CRDivHist.ttx;1743905436;1;1411588931;|246556|260009
CrDividendReconReport.DCA;3904571284;1;1411588931;|246580|260033
CrDividendReconReport.Dsr;2104469162;1;1411588931;|246581|260034
CrDividendReconReport.dsx;1927486777;1;1411588931;|246582|260035
crDRAFT018.DCA;2045456466;1;1411588949;|247062|260515
crDRAFT018.Dsr;396503937;1;1411588949;|247063|260516
crDRAFT018.dsx;506842121;1;1411588949;|247064|260517
crDY056.DCA;957478282;1;1411588949;|247065|260518
crDY056.Dsr;3581364174;1;1411588949;|247066|260519
crDY056.dsx;3858292848;1;1411588949;|247067|260520
crDYL056.DCA;2051071830;1;1411588949;|247068|260521
crDYL056.Dsr;2341664564;1;1411588949;|247069|260522
crDYL056.dsx;2141326132;1;1411588949;|247070|260523
crDYL056G.DCA;3013605846;1;1411588949;|247071|260524
crDYL056G.Dsr;281880712;1;1411588949;|247072|260525
crDYL056G.dsx;2036490305;1;1411588949;|247073|260526
CrElectronicExceptions.DCA;1080487950;1;1411588949;|246583|260036
CrElectronicExceptions.Dsr;2077564364;1;1411588949;|246584|260037
CrElectronicExceptions.dsx;3494273784;1;1411588949;|246585|260038
crFL018.DCA;4092376592;1;1411588949;|247074|260527
crFL018.Dsr;337408679;1;1411588949;|247075|260528
crFL018.dsx;1577477688;1;1411588949;|247076|260529
crFL018A.DCA;4115241841;1;1411588949;|247077|260530
crFL018A.Dsr;1775392433;1;1411588949;|247078|260531
crFL018N.DCA;2141756649;1;1411588949;|247079|260532
crFL018N.Dsr;2475641445;1;1411588949;|247080|260533
crFl056.DCA;1984855116;1;1411588949;|247082|260535
crFL056.Dsr;4223644274;1;1411588949;|247081|260534
crGYR056.DCA;601350521;1;1411588949;|247083|260536
crGYR056.Dsr;263774301;1;1411588949;|247084|260537
crGYR056.dsx;3939696863;1;1411588949;|247085|260538
crJBP018.DCA;4260429294;1;1411588949;|247086|260539
crJBP018.Dsr;610034079;1;1411588949;|247087|260540
crJBP018.dsx;1625126223;1;1411588949;|247088|260541
crJBP056.DCA;2512286220;1;1411588950;|247089|260542
crJBP056.Dsr;194216250;1;1411588964;|247090|260543
crJBP056.dsx;492473484;1;1411588964;|247091|260544
crJBP056I.DCA;1900578526;1;1411588964;|247092|260545
crJBP056I.Dsr;1131755884;1;1411588964;|247093|260546
crLOJ056.DCA;3069282315;1;1411588964;|247094|260547
crLOJ056.Dsr;2373938991;1;1411588964;|247095|260548
crNCB018.DCA;926806344;1;1411588964;|247096|260549
crNCB018.Dsr;3957253971;1;1411588964;|247097|260550
crNCB018.dsx;4203983575;1;1411588964;|247098|260551
crNCB018B.DCA;4124716787;1;1411588964;|247099|260552
crNCB018B.Dsr;569599646;1;1411588964;|247100|260553
crNCB018B.dsx;4041017844;1;1411588964;|247101|260554
crNCB018C.DCA;1468964964;1;1411588964;|247102|260555
crNCB018C.Dsr;2286907296;1;1411588964;|247103|260556
crNCB018C.dsx;2803123892;1;1411588964;|247104|260557
crNCB018T.DCA;3427219128;1;1411588964;|247105|260558
crNCB018T.Dsr;1522529343;1;1411588964;|247106|260559
crNCB018T.dsx;1499325231;1;1411588964;|247107|260560
crNCB056.DCA;1107063941;1;1411588964;|247108|260561
crncb056.dsr;285803909;1;1411588964;|247235|260688
crncb056.dsx;3349610818;1;1411588964;|247236|260689
crNCB056G.DCA;4036998946;1;1411588964;|247109|260562
crNCB056G.Dsr;2812819271;1;1411588964;|247110|260563
crNCB056G.dsx;1680739650;1;1411588964;|247111|260564
crPEG056.DCA;381835647;1;1411588964;|247112|260565
crPEG056.Dsr;3029505181;1;1411588964;|247113|260566
crPEG056G.DCA;676406861;1;1411588964;|247114|260567
crPEG056G.Dsr;187578894;1;1411588964;|247115|260568
crPEG056G.dsx;732101002;1;1411588964;|247116|260569
crPEG056L.DCA;3686238839;1;1411588964;|247117|260570
crPEG056L.Dsr;952542015;1;1411588964;|247118|260571
crPEG056L.dsx;1037410810;1;1411588977;|247119|260572
crReconRep.DCA;54122468;1;1411588977;|247120|260573
crReconRep.Dsr;4039204102;1;1411588977;|247121|260574
crReconRep.dsx;1992448028;1;1411588978;|247122|260575
crReconRep.ttx;649372334;1;1411588978;|247123|260576
crReplacedChq.ttx;2813214569;1;1411588978;|247124|260577
CrReplacementReport.DCA;1243744732;1;1411588978;|246586|260039
CrReplacementReport.Dsr;1685109624;1;1411588978;|246587|260040
CrReplacementReport.dsx;1629264495;1;1411588978;|246588|260041
CrReturnsReport.DCA;4027356335;1;1411588978;|246589|260042
CrReturnsReport.Dsr;2997678293;1;1411588978;|246590|260043
CrReturnsReport.dsx;1688954882;1;1411588978;|246591|260044
CRSIS016.DCA;3472235332;1;1411588978;|246557|260010
Crsis016.dsr;2661125963;1;1411588978;|246597|260050
Crsis016.dsx;3260326319;1;1411588978;|246598|260051
Crsis016.log;4025562301;1;1411588978;|246599|260052
Crsis016I.DCA;892048249;1;1411588978;|246600|260053
Crsis016I.dsr;2391522235;1;1411588978;|246601|260054
Crsis016I.dsx;50301095;1;1411588978;|246602|260055
Crsis016n.DCA;3644913971;1;1411588978;|246603|260056
Crsis016n.dsr;463362215;1;1411588978;|246604|260057
CRSIS017.DCA;786534773;1;1411588978;|246558|260011
Crsis017.dsr;4251092584;1;1411588978;|246605|260058
Crsis017.dsx;3487654640;1;1411588978;|246606|260059
CRSIS017B.DCA;2742237743;1;1411588978;|246559|260012
Crsis017B.dsr;1694865225;1;1411588978;|246607|260060
Crsis017B.dsx;277333767;1;1411588978;|246608|260061
Crsis017I.DCA;2877438719;1;1411588978;|246609|260062
Crsis017I.dsr;1329797657;1;1411588978;|246610|260063
Crsis017I.dsx;1538741977;1;1411588978;|246611|260064
crSIS018.DCA;1150887033;1;1411588978;|247125|260578
crSIS018.Dsr;4222652103;1;1411588990;|247126|260579
crSIS018A.DCA;1765971367;1;1411588990;|247127|260580
crSIS040.DCA;4218749451;1;1411588990;|247128|260581
crSIS040.Dsr;3065580876;1;1411588990;|247129|260582
crSIS040.dsx;1765789729;1;1411588990;|247130|260583
crSIS041.DCA;870326314;1;1411588990;|247131|260584
crSIS041.Dsr;809483546;1;1411588990;|247132|260585
crSIS041.dsx;1652131899;1;1411588990;|247133|260586
crSIS041.ttx;3080820054;1;1411588990;|247134|260587
crSIS041A.DCA;1260258652;1;1411588990;|247135|260588
crSIS041A.Dsr;2926367798;1;1411588990;|247136|260589
crSIS042.DCA;3078745683;1;1411588990;|247137|260590
crSIS042.Dsr;2220231527;1;1411588990;|247138|260591
crSIS042.dsx;1671629883;1;1411588990;|247139|260592
crSIS042.ttx;1949792414;1;1411588990;|247140|260593
crSIS043.DCA;1742943333;1;1411588990;|247141|260594
crSIS043.Dsr;438692514;1;1411588990;|247142|260595
crSIS043.dsx;3215315399;1;1411588990;|247143|260596
crSIS043A.DCA;3046259783;1;1411588990;|247144|260597
crSIS043A.Dsr;1398694565;1;1411588990;|247145|260598
crSIS043A.dsx;1603811810;1;1411588990;|247146|260599
crSIS044.DCA;2517424101;1;1411588990;|247147|260600
crSIS044.Dsr;1896233398;1;1411588990;|247148|260601
crSIS044.dsx;3903568829;1;1411588990;|247149|260602
crSIS045.DCA;2210317751;1;1411588990;|247150|260603
crSIS045.Dsr;1678447210;1;1411588990;|247151|260604
crSIS045.dsx;3980096193;1;1411588990;|247152|260605
crSIS045S.DCA;3043463193;1;1411588990;|247153|260606
crSIS045S.Dsr;1191437573;1;1411588990;|247154|260607
crSIS045T.Dsr;667910042;1;1411588990;|247155|260608
crSIS046.DCA;1651843641;1;1411588990;|247156|260609
crSIS046.Dsr;2019548715;1;1411589004;|247157|260610
crSIS046.dsx;1433377884;1;1411589004;|247158|260611
crSIS046A.DCA;3954210026;1;1411589004;|247159|260612
crSIS046A.Dsr;1552333021;1;1411589004;|247160|260613
crsis046C.DCA;3129843631;1;1411589004;|247237|260690
crsis046C.Dsr;60529405;1;1411589004;|247238|260691
crsis046C.dsx;2333792014;1;1411589004;|247239|260692
crSIS046D.DCA;873575047;1;1411589004;|247161|260614
CrSIS046D.Dsr;17906718;1;1411589004;|246592|260045
CrSIS046D.dsx;3969691543;1;1411589004;|246593|260046
crSIS047.DCA;4139455294;1;1411589004;|247162|260615
crSIS047.Dsr;3312422859;1;1411589004;|247163|260616
crSIS047.dsx;842751450;1;1411589004;|247164|260617
crSIS048O.DCA;4267150486;1;1411589004;|247165|260618
crSIS048o.dsr;432077588;1;1411589004;|247170|260623
crSIS048o.dsx;3368388;1;1411589004;|247171|260624
crSIS048T.DCA;3121851879;1;1411589004;|247166|260619
crSIS048T.Dsr;967528801;1;1411589004;|247167|260620
crSIS048T.dsx;1424114235;1;1411589004;|247168|260621
crSIS048T.log;3919939609;1;1411589004;|247169|260622
crSIS049.DCA;2123995912;1;1411589004;|247172|260625
crSIS049.Dsr;321399267;1;1411589004;|247173|260626
crSIS049.dsx;1572101357;1;1411589004;|247174|260627
crSIS049.log;2051919377;1;1411589004;|247175|260628
CRSIS050.DCA;2760862357;1;1411589004;|246560|260013
Crsis050.dsr;1000142857;1;1411589005;|246612|260065
Crsis050.dsx;2930919427;1;1411589005;|246613|260066
Crsis050.log;356348739;1;1411589005;|246614|260067
crSIS052.DCA;1353366727;1;1411589005;|247176|260629
crSIS052.Dsr;2153271978;1;1411589005;|247177|260630
crSIS052.dsx;1477082121;1;1411589005;|247178|260631
crSIS052.log;1896799059;1;1411589017;|247179|260632
crSIS054.DCA;1104207230;1;1411589017;|247180|260633
crSIS054.Dsr;4269189730;1;1411589017;|247181|260634
crSIS054.dsx;3196324865;1;1411589017;|247182|260635
crSIS054.log;324217520;1;1411589017;|247183|260636
crSIS054A.DCA;3691421383;1;1411589017;|247184|260637
crSIS054A.Dsr;3080805701;1;1411589017;|247185|260638
crSIS054A.dsx;2063472596;1;1411589017;|247186|260639
crSIS054B.DCA;4039835225;1;1411589017;|247187|260640
crSIS054B.Dsr;784415368;1;1411589017;|247188|260641
crSIS054C.DCA;3672999609;1;1411589017;|247189|260642
crSIS054C.Dsr;856367089;1;1411589017;|247190|260643
crSIS054I.DCA;3785767525;1;1411589017;|247191|260644
crSIS054I.Dsr;1504916197;1;1411589017;|247192|260645
crSIS054n.DCA;3163208546;1;1411589017;|247198|260651
crSIS054n.Dsr;4198495546;1;1411589017;|247199|260652
crSIS054OLD.DCA;1539965863;1;1411589017;|247193|260646
crSIS054S.DCA;1804632419;1;1411589017;|247194|260647
crSIS054S.Dsr;886591008;1;1411589017;|247195|260648
crSIS054T.DCA;3144358146;1;1411589017;|247196|260649
crSIS054T.Dsr;2415177640;1;1411589017;|247197|260650
crSIS055.DCA;1978300219;1;1411589017;|247200|260653
crSIS055.Dsr;1052486667;1;1411589017;|247201|260654
crSIS055.dsx;3505541147;1;1411589017;|247202|260655
crSIS055O.DCA;3911514156;1;1411589017;|247203|260656
crSIS055O.Dsr;3059805955;1;1411589017;|247204|260657
crSIS056.DCA;707345408;1;1411589017;|247205|260658
crsis056.dsr;2624634253;1;1411589017;|247240|260693
crsis056.dsx;3054738334;1;1411589017;|247241|260694
crSIS059.DCA;3852685123;1;1411589017;|247206|260659
crSIS059.Dsr;1790811178;1;1411589017;|247207|260660
crSIS059.dsx;3394219444;1;1411589030;|247208|260661
crSIS059.log;716562950;1;1411589030;|247209|260662
crSIS063.DCA;1161669842;1;1411589030;|247210|260663
crSIS063.Dsr;1903502078;1;1411589030;|247211|260664
crSIS063.dsx;3698917405;1;1411589030;|247212|260665
crSIS064.DCA;3292246023;1;1411589030;|247213|260666
crSIS064.Dsr;1161764293;1;1411589030;|247214|260667
crSIS064.dsx;2949948052;1;1411589030;|247215|260668
CrSIS084.DCA;3807626334;1;1411589030;|246594|260047
CrSIS084.Dsr;2612326848;1;1411589030;|246595|260048
CrSIS084.dsx;1330308098;1;1411589030;|246596|260049
crSIS085.DCA;3122189466;1;1411589030;|247216|260669
crSIS085.Dsr;2238550519;1;1411589030;|247217|260670
crSIS085.dsx;2356608139;1;1411589030;|247218|260671
crSIS086.DCA;4127284423;1;1411589030;|247219|260672
crSIS086.Dsr;1626814897;1;1411589030;|247220|260673
crSIS086.dsx;2061547192;1;1411589030;|247221|260674
crSIS087.DCA;1598291552;1;1411589030;|247222|260675
crSIS087.Dsr;1208239165;1;1411589030;|247223|260676
crSIS087.dsx;1212175611;1;1411589030;|247224|260677
crSIS103.DCA;1242579274;1;1411589030;|247225|260678
crSIS103.Dsr;1077609334;1;1411589030;|247226|260679
crSIS103.dsx;473963364;1;1411589030;|247227|260680
crTest.DCA;932891244;1;1411589030;|247228|260681
CRUnclaimedBalances.DCA;2477184416;1;1411589030;|246564|260017
CRUnclaimedBalances.Dsr;3814108204;1;1411589030;|246565|260018
CRUnclaimedBalances.dsx;3288377338;1;1411589030;|246566|260019
crUSD018.DCA;465667309;1;1411589030;|247229|260682
crUSD018.Dsr;2080704823;1;1411589030;|247230|260683
crUSD018.dsx;965307432;1;1411589030;|247231|260684
CRUSLetter.DCA;3872097416;1;1411589030;|246561|260014
CRUSLetter.Dsr;1109942757;1;1411589044;|246562|260015
CRUSLetter.dsx;1427847512;1;1411589044;|246563|260016
CrystalReport1.DCA;1779850913;1;1411589044;|246615|260068
CrystalReport1.Dsr;4045446150;1;1411589044;|246616|260069
CrystalReport1.dsx;3150022686;1;1411589044;|246617|260070
deSIS018.DCA;3638666528;1;1411589044;|247242|260695
DGnomineesMain.txt;3796471307;1;1411589044;|246618|260071
DividendChqRecon.ttx;1509268810;1;1411589044;|246619|260072
DividendChqsRecon.DCA;4148875805;1;1411589044;|246620|260073
DividendChqsRecon.Dsr;932072323;1;1411589044;|246621|260074
DividendChqsRecon.dsx;2954166448;1;1411589044;|246622|260075
DividendReconReport.ttx;1768150883;1;1411589044;|246623|260076
Document.ico;3116271866;1;1411589044;|246624|260077
ElectronicExceptions.ttx;2803830524;1;1411589044;|246626|260079
ERRMSG.XLS;1962844195;1;1411589044;|246625|260078
ExchangeRate1.jpg;3539420036;1;1411589044;|246627|260080
ExchangeRate2.bmp;2772940792;1;1411589044;|246628|260081
ExchangeRate3.jpg;2879898058;1;1411589044;|246629|260082
ExchangeRate4.jpg;1547777054;1;1411589044;|246630|260083
ExchangeRate5.jpg;731435344;1;1411589044;|246631|260084
ExchangeRate6.jpg;2494094919;1;1411589044;|246632|260085
ExchangeRate7.jpg;688452054;1;1411589044;|246633|260086
exportrecdata.frm;2430737303;1;1411589044;|247243|260696
exportrecdata.frx;1221364844;1;1411589044;|247244|260697
filelisting.txt;3410917586;1;1411589044;|247245|260698
filelisting.xls;1683437477;1;1411589044;|247246|260699
Find.frm;3850712393;1;1411589044;|246636|260089
Find.frx;4117325120;1;1411589044;|246637|260090
FIX033.Frm;808221692;1;1411589044;|246634|260087
FIXCRT.frm;1366044136;1;1411589044;|246635|260088
FrmApproveReplacements.frm;1665014568;1;1411589044;|246638|260091
FrmApproveReplacements.frx;1221364844;1;1411589063;|246639|260092
FrmApproveReturns.frm;2988663232;1;1411589063;|246640|260093
FrmApproveReturns.frx;1221364844;1;1411589063;|246641|260094
FrmAuthRecon.frm;3776244259;1;1411589063;|246642|260095
FrmAuthRecon.frx;1221364844;1;1411589063;|246643|260096
FrmAuthRepChq.frm;3047175526;1;1411589063;|246644|260097
FrmAuthRepChq.frx;1221364844;1;1411589063;|246645|260098
FrmAuthTransfers.frm;4102690778;1;1411589063;|246646|260099
FrmAuthTransfers.frx;1221364844;1;1411589063;|246647|260100
FrmAutoRecon.frm;4241512927;1;1411589063;|246648|260101
FrmAutoRecon.frx;1221364844;1;1411589063;|246649|260102
FrmBankItems.frm;3890771445;1;1411589063;|246650|260103
FrmBankItems.frx;3246689405;1;1411589063;|246651|260104
FrmBankItemsMatch.frm;1630788366;1;1411589063;|246652|260105
FrmBankItemsMatch.frx;3246689405;1;1411589063;|246653|260106
FrmBankReconStatement.frm;1872341463;1;1411589063;|246656|260109
FrmBankRTGSDetails.frm;3724905725;1;1411589063;|246654|260107
FrmBankRTGSDetails.frx;1221364844;1;1411589063;|246655|260108
frmChangePassword.frm;1505138873;1;1411589063;|247247|260700
frmChangePassword.frx;1221364844;1;1411589063;|247248|260701
FrmChqManagement.frm;3075950564;1;1411589063;|246660|260113
FrmChqManagement.frx;1221364844;1;1411589063;|246661|260114
FrmChqMovement.frm;1281770799;1;1411589063;|246662|260115
FrmChqMovement.frx;1221364844;1;1411589063;|246663|260116
FrmChqMovementDetails.frm;1097784682;1;1411589063;|246664|260117
FrmChqMovementDetails.frx;1221364844;1;1411589063;|246665|260118
FrmCIM.frm;1288801281;1;1411589063;|246657|260110
FrmCIM.frx;1221364844;1;1411589063;|246658|260111
FrmCIM.log;1639890893;1;1411589063;|246659|260112
FrmConvert.frm;2508778514;1;1411589063;|246666|260119
FrmConvert.frx;1221364844;1;1411589063;|246667|260120
FrmCreateBnkPrintFile.frm;2303269523;1;1411589079;|246668|260121
FrmCreateBnkPrintFile.frx;1221364844;1;1411589079;|246669|260122
FrmCreateChqPrintFile.frm;3626016238;1;1411589079;|246670|260123
FrmCreateChqPrintFile.frx;1221364844;1;1411589079;|246671|260124
FrmCurrencyList.Frm;1636909500;1;1411589079;|246672|260125
FrmCurrencyList.frx;1221364844;1;1411589079;|246673|260126
FrmCurrencyMaint.frm;842656174;1;1411589079;|246674|260127
FrmCurrencyMaint.frx;1221364844;1;1411589079;|246675|260128
FrmCurrencyRate.frm;2338227599;1;1411589079;|246676|260129
FrmCurrencyRate.frx;1221364844;1;1411589079;|246677|260130
FrmDates.frm;1528050413;1;1411589079;|246680|260133
FrmDates.frx;1221364844;1;1411589079;|246681|260134
FrmDBRestore.frm;3971717;1;1411589079;|246678|260131
FrmDBRestore.frx;1221364844;1;1411589079;|246679|260132
FrmDelPostedDiv.frm;3243783875;1;1411589079;|246682|260135
FrmDelPostedDiv.frx;1221364844;1;1411589079;|246683|260136
FrmDistList.Frm;2980851929;1;1411589079;|246684|260137
FrmDistList.frx;1221364844;1;1411589079;|246685|260138
FrmDistMaint.frm;2205944201;1;1411589079;|246686|260139
FrmDistMaint.frx;1221364844;1;1411589079;|246687|260140
frmDiviAcctMaint.frx;1221364844;1;1411589079;|247249|260702
frmDiviAcctMaintt.frm;951107565;1;1411589079;|247250|260703
frmDiviAcctMaintt.frx;1221364844;1;1411589079;|247251|260704
frmDiviAcctMaintt.log;461375681;1;1411589079;|247252|260705
FrmDividendDetails.frm;2281176565;1;1411589079;|246688|260141
FrmDividendDetails.frx;1221364844;1;1411589079;|246689|260142
FrmElectronicExceptions.frm;2938322934;1;1411589079;|246690|260143
FrmElectronicExceptions.frx;1221364844;1;1411589079;|246691|260144
FrmExchangeRateList.Frm;2071380279;1;1411589079;|246692|260145
FrmExchangeRateList.frx;1221364844;1;1411589079;|246693|260146
FrmExchangeRates.frm;313247930;1;1411589079;|246694|260147
FrmExchangeRates.frx;3181822248;1;1411589092;|246695|260148
frmExport.frm;302082032;1;1411589092;|247253|260706
frmExport.frx;1221364844;1;1411589092;|247254|260707
FrmExportBank.frm;2965908013;1;1411589092;|246696|260149
FrmExportBank.frx;1221364844;1;1411589092;|246697|260150
FrmExtractDividend.frm;1602144672;1;1411589092;|246698|260151
FrmExtractDividend.frx;1221364844;1;1411589092;|246699|260152
FrmImportFinacleExp.frm;526086892;1;1411589092;|246700|260153
FrmImportFinacleExp.frx;1221364844;1;1411589092;|246701|260154
FrmJCSD.frm;3566159626;1;1411589092;|246702|260155
FrmJCSD.frx;4236466282;1;1411589092;|246703|260156
frmLogon.frm;3054862709;1;1411589092;|247255|260708
frmMain.frm;4096285863;1;1411589092;|247256|260709
frmMain.frx;1942322008;1;1411589092;|247257|260710
FrmMandate.frm;1988600069;1;1411589092;|246704|260157
FrmMandate.frx;1221364844;1;1411589092;|246705|260158
FrmNonRTGS.frm;3521832267;1;1411589092;|246706|260159
FrmNonRTGS.frx;1221364844;1;1411589092;|246707|260160
FrmPasswordDialog.frm;1211164016;1;1411589092;|246708|260161
FrmPasswordDialog.frx;1221364844;1;1411589092;|246709|260162
FrmPasswordParameters.frm;3561393750;1;1411589092;|246710|260163
FrmPasswordParameters.frx;1221364844;1;1411589092;|246711|260164
FrmPrintBnkCheques.frm;1639019620;1;1411589092;|246712|260165
FrmPrintBnkCheques.frx;2438415806;1;1411589092;|246713|260166
FrmPrintCheques.frm;1464803595;1;1411589092;|246714|260167
FrmPrintCheques.frx;1221364844;1;1411589092;|246715|260168
frmPrinterSetup.frm;3447549065;1;1411589092;|247260|260713
frmPrinterSetup.frx;1221364844;1;1411589092;|247261|260714
frmPrintingStatus.frm;2079959550;1;1411589092;|247262|260715
frmPrintingStatus.frx;1221364844;1;1411589092;|247263|260716
frmPrintOut.frm;1579087051;1;1411589092;|247258|260711
frmPrintOut.frx;1221364844;1;1411589105;|247259|260712
FrmPrintRepChq.frm;3725193082;1;1411589105;|246716|260169
FrmPrintRepChq.frx;1627659732;1;1411589105;|246717|260170
FrmPrintRepChq.log;1044869981;1;1411589105;|246718|260171
FrmPrintTaxChq.frm;877176882;1;1411589105;|246719|260172
FrmPrintTaxChq.frx;1627659732;1;1411589105;|246720|260173
FrmReconPrint.frm;3434649535;1;1411589105;|246727|260180
FrmReconPrint.frx;1221364844;1;1411589105;|246728|260181
FrmReNumberChqs.frm;2533724573;1;1411589105;|246723|260176
FrmReNumberChqs.frx;1221364844;1;1411589105;|246724|260177
FrmReOpenBatch.frm;2455053631;1;1411589105;|246725|260178
FrmReOpenBatch.frx;1221364844;1;1411589105;|246726|260179
FrmReplaced.frm;2993629902;1;1411589105;|246729|260182
FrmReplaced.frx;1221364844;1;1411589105;|246730|260183
FrmReplacementDetails.frm;1579592734;1;1411589105;|246731|260184
FrmReplacementDetails.frx;1221364844;1;1411589105;|246732|260185
frmReportEngine.frm;508502045;1;1411589105;|247264|260717
frmReportEngine.frx;1221364844;1;1411589105;|247265|260718
FrmReportOption.frm;876651756;1;1411589105;|246733|260186
FrmReportView.frm;33424062;1;1411589105;|246734|260187
FrmReportView.frx;1221364844;1;1411589105;|246735|260188
FrmReturnBankChq.frm;1132717657;1;1411589105;|246736|260189
FrmReturnBankChq.frx;1221364844;1;1411589105;|246737|260190
FrmReturnedChqs.frm;2808619781;1;1411589105;|246738|260191
FrmReturnedChqs.frx;1221364844;1;1411589105;|246739|260192
FrmRTGSThreshold.frm;2727512507;1;1411589105;|246721|260174
FrmRTGSThreshold.frx;1221364844;1;1411589105;|246722|260175
FrmSelectAccount.frm;324578688;1;1411589105;|246744|260197
FrmSelectAccount.frx;1221364844;1;1411589105;|246745|260198
FrmSelectBatch.frm;1734231765;1;1411589105;|246746|260199
FrmSelectBatch.frx;1221364844;1;1411589105;|246747|260200
FrmSelectBatchDate.frm;2381126460;1;1411589119;|246748|260201
FrmSelectBatchDate.frx;1221364844;1;1411589119;|246749|260202
FrmSelectCurrency.frm;2989750537;1;1411589119;|246750|260203
FrmSelectCurrency.frx;3181822248;1;1411589119;|246751|260204
FrmSelectDivDate.frm;1961103374;1;1411589119;|246752|260205
FrmSelectDivDate.frx;1221364844;1;1411589119;|246753|260206
FrmSelectStockExchange.frm;3925843952;1;1411589119;|246754|260207
FrmSelectStockExchange.frx;1221364844;1;1411589119;|246755|260208
frmSelLabel.frm;1691517471;1;1411589119;|247266|260719
frmSelLabel.frx;2152574143;1;1411589119;|247267|260720
FrmShareholderData.frm;3657052583;1;1411589119;|246756|260209
FrmShareholderData.frx;1221364844;1;1411589119;|246757|260210
FrmShareholderDocuments.frm;3480455756;1;1411589119;|246758|260211
FrmShareholderDocuments.frx;1221364844;1;1411589119;|246759|260212
FrmSIS103.frm;1731557403;1;1411589119;|246740|260193
FrmSIS103.frx;1221364844;1;1411589119;|246741|260194
FrmSISItemsMatch.frm;3815835593;1;1411589119;|246742|260195
FrmSISItemsMatch.frx;2294409967;1;1411589119;|246743|260196
FrmStockExchange.frm;4095691730;1;1411589119;|246760|260213
FrmStockExchange.frx;1221364844;1;1411589119;|246761|260214
FrmViewReport.frm;3676387700;1;1411589119;|246762|260215
FrmViewReport.frx;1221364844;1;1411589119;|246763|260216
harrow.cur;1104391378;1;1411589119;|247268|260721
ImpACHFinIns.frm;2437532568;1;1411589119;|246764|260217
ImpACHFinIns.frx;1221364844;1;1411589119;|246765|260218
ImpACHRejCodes.frm;3254932015;1;1411589119;|246766|260219
ImpACHRejCodes.frx;1221364844;1;1411589119;|246767|260220
ImpExcel.frm;2461155265;1;1411589119;|246768|260221
ImpExcel.frx;1221364844;1;1411589119;|246769|260222
ImpJCSD.frm;633110512;1;1411589119;|246770|260223
ImpJCSD.frx;1221364844;1;1411589119;|246771|260224
ImpJCSDCat.frm;2385918709;1;1411589132;|246772|260225
ImpJCSDCat.frx;1221364844;1;1411589132;|246773|260226
Import.frm;1069702677;1;1411589132;|246782|260235
ImpRegisterExcel.frm;3047272805;1;1411589132;|246774|260227
ImpRegisterExcel.frx;1221364844;1;1411589132;|246775|260228
ImpSE.frm;1418998800;1;1411589132;|246776|260229
ImpSE.frx;1221364844;1;1411589132;|246777|260230
ImpTTSE.frm;1788170908;1;1411589132;|246778|260231
ImpTTSE.frx;1221364844;1;1411589132;|246779|260232
ImpTTSENEW.frm;1054486272;1;1411589132;|246780|260233
ImpTTSENEW.frx;1221364844;1;1411589132;|246781|260234
input_output_arrows.JPG;4130623220;1;1411589132;|247269|260722
input_output_arrows.png;2085569151;1;1411589132;|247270|260723
input_output_arrows1.JPG;377473324;1;1411589132;|247271|260724
Interests.ttx;2666092303;1;1411589132;|246783|260236
InterestsDetails.ttx;618046727;1;1411589132;|246784|260237
j0286988.wmf;2148557576;1;1411589132;|247272|260725
j0332684.wmf;1544588465;1;1411589132;|247273|260726
JBP056.frm;26450428;1;1411589132;|246785|260238
ListFiles.bat;2465002834;1;1411589132;|246786|260239
Login.frm;3674515665;1;1411589132;|246787|260240
ModExport.bas;1941311016;1;1411589132;|246789|260242
modMain.bas;195901924;1;1411589132;|247274|260727
MSSCCPRJ.SCC;2879479568;1;1411589132;|246788|260241
NAMADDR.TTX;4231701981;1;1411589132;|246790|260243
NameAddress.ttx;606601257;1;1411589132;|246793|260246
ncb.jpg;948133898;1;1411589132;|247275|260728
NCBJ_Main_Finacle.txt;328508638;1;1411589132;|246791|260244
NCBJ_Main_Finacle011211.txt;1596642507;1;1411589132;|246792|260245
OutstandingMinor.ttx;3540878662;1;1411589132;|246794|260247
paeallell arrows.jpg;194328149;1;1411589132;|247276|260729
Paymnts.ttx;1503188561;1;1411589147;|246795|260248
printer.jpg;4136024833;1;1411589147;|247277|260730
printer1.jpg;2882503378;1;1411589147;|247278|260731
printer2.jpg;308095663;1;1411589147;|247279|260732
profile.ttx;1144924123;1;1411589147;|247280|260733
Red15.cur;2323334929;1;1411589147;|246796|260249
ReplacementReport.ttx;935584866;1;1411589147;|246797|260250
ReturnsReport.ttx;429811061;1;1411589147;|246798|260251
SDI014.Frm;1747449185;1;1411589147;|246799|260252
SDI014.frx;1221364844;1;1411589147;|246800|260253
SDI015.frm;1565553811;1;1411589147;|246801|260254
SDI015.frx;1221364844;1;1411589147;|246802|260255
sdi016.frm;2244115639;1;1411589147;|247281|260734
sdi016.frx;1221364844;1;1411589147;|247282|260735
SDILogin.frm;723586668;1;1411589147;|246803|260256
SDILogin.frx;3878455761;1;1411589147;|246804|260257
SDILoginNew.frm;456056432;1;1411589147;|246805|260258
SDIUsers.frm;189839279;1;1411589147;|246806|260259
shares1.jpg;1761234863;1;1411589147;|247283|260736
shares2.jpg;3132072489;1;1411589147;|247284|260737
shares3.jpg;2913328274;1;1411589147;|247285|260738
shares4.jpg;2037554515;1;1411589147;|247286|260739
shares5.JPG;3436381366;1;1411589147;|247287|260740
shares6.jpg;3244823068;1;1411589147;|247288|260741
SIS.exe;1874360714;1;1411589149;|246808|260261
SIS.PDM;2352745902;1;1411589149;|246807|260260
SIS.vbp;505617220;1;1411589149;|246809|260262
SIS.vbw;3750920104;1;1411589149;|246810|260263
SIS000.frm;352292529;1;1411589149;|246811|260264
SIS000.frx;1221364844;1;1411589149;|246812|260265
SIS001.Frm;1855668583;1;1411589149;|246813|260266
SIS001.frx;1221364844;1;1411589166;|246814|260267
SIS002.frm;2441762964;1;1411589166;|246815|260268
SIS002.frx;1221364844;1;1411589166;|246816|260269
SIS003.Frm;3396262218;1;1411589166;|246817|260270
SIS003.frx;1221364844;1;1411589166;|246818|260271
SIS004.frm;3989221516;1;1411589166;|246819|260272
SIS004.frx;1221364844;1;1411589166;|246820|260273
SIS005.Frm;2922736114;1;1411589166;|246821|260274
SIS005.frx;1221364844;1;1411589166;|246822|260275
SIS006.frm;3556676568;1;1411589166;|246823|260276
SIS006.frx;1221364844;1;1411589166;|246824|260277
SIS007.Frm;2454421099;1;1411589166;|246825|260278
SIS007.frx;1221364844;1;1411589166;|246826|260279
SIS008.frm;1877642062;1;1411589166;|246827|260280
SIS008.frx;1221364844;1;1411589166;|246828|260281
SIS009.frm;3161552548;1;1411589166;|246829|260282
SIS009.frx;1221364844;1;1411589166;|246830|260283
SIS010.frm;2220549370;1;1411589166;|246831|260284
SIS010.frx;1221364844;1;1411589166;|246832|260285
SIS010A.frm;3436519485;1;1411589166;|246833|260286
SIS010A.frx;1221364844;1;1411589166;|246834|260287
SIS010B.frm;3650152489;1;1411589166;|246835|260288
SIS011.frm;4036089375;1;1411589166;|246836|260289
SIS011.frx;1221364844;1;1411589166;|246837|260290
SIS012.frm;3916345231;1;1411589166;|246838|260291
SIS012.frx;1221364844;1;1411589166;|246839|260292
SIS013.frm;458708948;1;1411589166;|246840|260293
SIS013.frx;1221364844;1;1411589166;|246841|260294
SIS013A.frx;2508438988;1;1411589166;|246842|260295
SIS013I.frm;3921141051;1;1411589166;|246843|260296
SIS013I.frx;1221364844;1;1411589166;|246844|260297
SIS014.frm;2064492539;1;1411589183;|246845|260298
SIS014.frx;1221364844;1;1411589183;|246846|260299
SIS014I.frm;1481369922;1;1411589183;|246847|260300
SIS014I.frx;665643264;1;1411589183;|246848|260301
SIS015.frm;3973056780;1;1411589183;|246849|260302
SIS015.frx;1221364844;1;1411589183;|246850|260303
SIS015I.frm;2934171154;1;1411589183;|246851|260304
SIS015I.frx;1221364844;1;1411589183;|246852|260305
Sis016.frm;1844393940;1;1411589183;|247019|260472
Sis017.frm;1683129634;1;1411589183;|247020|260473
SIS018.frm;3676753155;1;1411589183;|246854|260307
SIS018.frx;1221364844;1;1411589183;|246855|260308
SIS018.ORIG.ttx;2698888179;1;1411589183;|246853|260306
SIS018.ttx;2361356480;1;1411589183;|246856|260309
SIS018AIC.ttx;2932337701;1;1411589183;|246857|260310
SIS018B.ttx;2350020592;1;1411589183;|246858|260311
SIS018I.frm;2280273503;1;1411589183;|246859|260312
SIS018I.frx;1221364844;1;1411589183;|246860|260313
SIS018T.ttx;74332681;1;1411589183;|246861|260314
SIS019.frm;2427680262;1;1411589183;|246862|260315
SIS019.frx;1221364844;1;1411589183;|246863|260316
SIS019I.frm;190505130;1;1411589183;|246864|260317
SIS019I.frx;1221364844;1;1411589183;|246865|260318
SIS020.Frm;567877783;1;1411589183;|246866|260319
SIS020.frx;1221364844;1;1411589183;|246867|260320
SIS020J.Frm;739987068;1;1411589183;|246868|260321
SIS020J.frx;1221364844;1;1411589183;|246869|260322
SIS021.frm;2817010968;1;1411589183;|246870|260323
SIS021.frx;1221364844;1;1411589183;|246871|260324
SIS021J.frm;1786100493;1;1411589183;|246872|260325
SIS021J.frx;1221364844;1;1411589183;|246873|260326
SIS022.Frm;1017752134;1;1411589199;|246874|260327
SIS022.frx;1221364844;1;1411589199;|246875|260328
SIS023.frm;3092934534;1;1411589199;|246876|260329
SIS023.frx;1221364844;1;1411589199;|246877|260330
SIS024.Frm;886305784;1;1411589199;|246878|260331
SIS024.frx;1221364844;1;1411589199;|246879|260332
SIS025.frm;2867323869;1;1411589199;|246880|260333
SIS025.frx;1221364844;1;1411589199;|246881|260334
SIS026.frm;3716661611;1;1411589199;|246882|260335
SIS026.frx;1221364844;1;1411589199;|246883|260336
SIS027.Frm;2590874651;1;1411589199;|246884|260337
SIS027.frx;1221364844;1;1411589199;|246885|260338
SIS028.Frm;191866606;1;1411589199;|246886|260339
SIS028.frx;1221364844;1;1411589199;|246887|260340
SIS029.frm;126140185;1;1411589199;|246888|260341
SIS029.frx;1221364844;1;1411589199;|246889|260342
SIS030.frm;807767637;1;1411589199;|246890|260343
SIS030.frx;1221364844;1;1411589199;|246891|260344
SIS031.Frm;3665778812;1;1411589199;|246892|260345
SIS031.frx;1221364844;1;1411589199;|246893|260346
SIS032.frm;106666058;1;1411589199;|246894|260347
SIS032.frx;1221364844;1;1411589199;|246895|260348
SIS033.Frm;2446930494;1;1411589199;|246896|260349
SIS033.frx;1221364844;1;1411589199;|246897|260350
SIS034.frm;2806193683;1;1411589199;|246898|260351
SIS034.frx;1221364844;1;1411589199;|246899|260352
SIS035.frm;3555587105;1;1411589199;|246900|260353
SIS035.frx;1221364844;1;1411589199;|246901|260354
SIS036.frm;1270397085;1;1411589199;|246902|260355
SIS036.frx;1221364844;1;1411589199;|246903|260356
SIS040.frm;2713026279;1;1411589199;|246904|260357
SIS040.ttx;3996441533;1;1411589211;|246905|260358
SIS041.frm;1663287712;1;1411589211;|246906|260359
SIS041.ttx;2961971132;1;1411589211;|246907|260360
SIS042.frm;3844930384;1;1411589211;|246908|260361
SIS042.ttx;3899134254;1;1411589211;|246909|260362
SIS043.frm;1525564459;1;1411589211;|246910|260363
SIS043.ttx;1011404000;1;1411589211;|246911|260364
SIS043A.ttx;1672099362;1;1411589211;|246912|260365
SIS044.frm;1726338726;1;1411589211;|246913|260366
SIS044.ttx;3766963976;1;1411589211;|246914|260367
SIS045.Frm;2563424552;1;1411589212;|246915|260368
SIS045.frx;1221364844;1;1411589212;|246916|260369
SIS045V.frm;2439736325;1;1411589212;|246917|260370
SIS046.frm;2825533578;1;1411589212;|246918|260371
SIS046.ttx;2228783443;1;1411589212;|246919|260372
SIS047.frm;2673017349;1;1411589212;|246920|260373
SIS047.frx;1221364844;1;1411589212;|246921|260374
SIS048.frm;3487791858;1;1411589212;|246922|260375
SIS048.frx;1221364844;1;1411589212;|246923|260376
SIS048A.frm;2673042331;1;1411589212;|246924|260377
SIS049.frm;3014847167;1;1411589212;|246925|260378
SIS049.frx;1221364844;1;1411589212;|246926|260379
Sis050.frm;362260942;1;1411589212;|247021|260474
Sis050.frx;1221364844;1;1411589212;|247022|260475
SIS052.frm;2012608704;1;1411589212;|246927|260380
SIS052.frx;1221364844;1;1411589212;|246928|260381
SIS053.frm;2895378100;1;1411589212;|246929|260382
SIS053.frx;1221364844;1;1411589212;|246930|260383
SIS054.frm;3232711445;1;1411589212;|246931|260384
SIS054.ttx;2021578431;1;1411589212;|246932|260385
SIS055.frm;723804568;1;1411589212;|246933|260386
SIS055.ttx;2934986024;1;1411589223;|246934|260387
SIS056.frm;1401788194;1;1411589223;|246935|260388
SIS056.frx;1221364844;1;1411589224;|246936|260389
sis057.frm;3254254475;1;1411589224;|247289|260742
sis057.frx;1221364844;1;1411589224;|247290|260743
SIS057.ttx;2384215113;1;1411589224;|246937|260390
sis057N.frm;1977670799;1;1411589224;|247291|260744
SIS058.frm;207465974;1;1411589224;|246938|260391
SIS058.frx;1221364844;1;1411589224;|246939|260392
SIS059.frm;2135483533;1;1411589224;|246940|260393
SIS060.frm;3248560950;1;1411589224;|246941|260394
SIS060.frx;1221364844;1;1411589224;|246942|260395
SIS061.frm;3504771464;1;1411589224;|246943|260396
SIS061.frx;1221364844;1;1411589224;|246944|260397
SIS062.frm;4010774016;1;1411589224;|246945|260398
SIS062.frx;1221364844;1;1411589224;|246946|260399
SIS065.frm;423935899;1;1411589224;|246947|260400
SIS065.frx;1221364844;1;1411589224;|246948|260401
SIS070.Frm;2603117650;1;1411589224;|246949|260402
SIS070.frx;1221364844;1;1411589224;|246950|260403
SIS070J.Frm;3748291729;1;1411589224;|246951|260404
SIS070J.frx;1221364844;1;1411589224;|246952|260405
SIS070T.Frm;3737290273;1;1411589224;|246953|260406
SIS070T.frx;1221364844;1;1411589224;|246954|260407
SIS071.frm;3650259401;1;1411589224;|246955|260408
SIS071.frx;1221364844;1;1411589224;|246956|260409
SIS071J.frm;3284518926;1;1411589224;|246957|260410
SIS071J.frx;1221364844;1;1411589224;|246958|260411
SIS071T.frm;1400858497;1;1411589224;|246959|260412
SIS071T.frx;1221364844;1;1411589224;|246960|260413
SIS072.frm;3462887319;1;1411589224;|246961|260414
SIS072.frx;1221364844;1;1411589236;|246962|260415
SIS073.frm;2889946928;1;1411589236;|246963|260416
SIS073.frx;1221364844;1;1411589236;|246964|260417
SIS073J.frm;1013433595;1;1411589236;|246965|260418
SIS073J.frx;1221364844;1;1411589236;|246966|260419
SIS073T.frm;1961593337;1;1411589236;|246967|260420
SIS073T.frx;1221364844;1;1411589236;|246968|260421
SIS073Unp.frm;2206324477;1;1411589236;|246969|260422
SIS073Unp.frx;1221364844;1;1411589236;|246970|260423
SIS074.frm;830307492;1;1411589236;|246971|260424
SIS074.frx;1221364844;1;1411589236;|246972|260425
SIS075.frm;2673871203;1;1411589236;|246973|260426
SIS075.frx;1221364844;1;1411589236;|246974|260427
SIS075J.frm;3999368630;1;1411589236;|246975|260428
SIS075J.frx;1221364844;1;1411589236;|246976|260429
SIS076.frm;56707032;1;1411589236;|246977|260430
SIS076.frx;1221364844;1;1411589236;|246978|260431
SIS076J.frm;4130893518;1;1411589236;|246979|260432
SIS076J.frx;1221364844;1;1411589236;|246980|260433
SIS076T.frm;2824802290;1;1411589237;|246981|260434
SIS076T.frx;1221364844;1;1411589237;|246982|260435
SIS077.frm;2905421458;1;1411589237;|246983|260436
SIS077.frx;1221364844;1;1411589237;|246984|260437
SIS082.frm;1410354421;1;1411589237;|246985|260438
SIS083.frm;2823798563;1;1411589237;|246986|260439
SIS083.frx;1221364844;1;1411589237;|246987|260440
SIS084.frm;1664110059;1;1411589237;|246988|260441
SIS084.frx;1221364844;1;1411589237;|246989|260442
SIS090.frm;2010713368;1;1411589237;|246990|260443
SIS090.frx;1221364844;1;1411589237;|246991|260444
SIS091.frm;2177245092;1;1411589237;|246992|260445
SIS091.frx;1221364844;1;1411589250;|246993|260446
SIS092.frm;811108564;1;1411589250;|246994|260447
SIS092.frx;1221364844;1;1411589250;|246995|260448
SIS095.frm;221438028;1;1411589250;|246996|260449
SIS095.frx;1221364844;1;1411589250;|246997|260450
SIS099.frm;3770295279;1;1411589250;|246998|260451
SIS099.frx;1221364844;1;1411589250;|246999|260452
SIS1.exe;941505253;1;1411589252;|247000|260453
SIS100.frm;2425511254;1;1411589252;|247001|260454
SIS100.frx;1221364844;1;1411589252;|247002|260455
SIS101.frm;1874936644;1;1411589252;|247003|260456
SIS101.frx;1221364844;1;1411589252;|247004|260457
SIS102.frm;3319481523;1;1411589252;|247005|260458
SIS102.frx;1221364844;1;1411589252;|247006|260459
SIS131.FRM;809997913;1;1411589252;|247007|260460
SISAbout.frm;3229861944;1;1411589252;|247008|260461
SISAbout.frx;1221364844;1;1411589252;|247009|260462
SISAccounts.Frm;229107768;1;1411589252;|247010|260463
SISAccounts.frx;1221364844;1;1411589252;|247011|260464
siserrlog.txt;2078651985;1;1411589252;|247292|260745
SISHELP.frm;2098677474;1;1411589252;|247012|260465
SISMDI.frm;2269175913;1;1411589252;|247013|260466
SISMDI.frx;2619539001;1;1411589252;|247014|260467
SISMDI.log;3352744397;1;1411589252;|247015|260468
SISRestore.frm;2686368082;1;1411589252;|247016|260469
SISRestore.frx;1221364844;1;1411589252;|247017|260470
SmoothHand.cur;710427774;1;1411589252;|247023|260476
STKBONUS.ttx;2502075187;1;1411589252;|247018|260471
stkcat.ttx;2248621520;1;1411589252;|247293|260746
StkNmeCat.ttx;4235053046;1;1411589252;|247024|260477
stktaxr.ttx;3979660131;1;1411589252;|247294|260747
TaxChq.xps;2327433521;1;1411589265;|247025|260478
TaxChq1.xps;1126156404;1;1411589265;|247026|260479
Thumbs.db;210662350;1;1411589265;|247027|260480
UnclaimedBalances.ttx;1979794773;1;1411589265;|247029|260482
updateErrMsg.frm;756466494;1;1411589265;|247295|260748
USLetters.ttx;3593137170;1;1411589265;|247028|260481
